structure(c(82.091, 27.184, 71.727, 91.463, 102.762, 78.919, 
82.94, 36.132, 42.475, 66.29, 41.796, 14.951, 22.314, 13.196, 
22.88, 79.117, 96.844, 274.022, 99.562, 71.443, 33.952, 19.68, 
15.291, 12.714, 12.771, 16.197, 13.394, 23.305, 187.741, 183.635, 
182.672, 71.245, 79.91, 40.975, 23.588, 38.539, 55.133, 59.862, 
162.765, 174.602, 58.588, 119.695, 92.879, 128.105, 105.084, 
111.767, 32.564, 19.624, 19.765, 21.662, 80.59, 85.319, 105.877, 
156.252, 109.303, 48.903, 47.771, 32.706, 62.863, 17.415, 15.291, 
40.437, 97.806, 124.339, 102.875, 73.794, 33.216, 43.212, 23.73, 
19.878, 14.527, 13.422, 11.355, 85.517, 109.813, 74.275, 184.371, 
184.088, 70.622, 121.479, 73.227, 73.426, 17.075, 16.82, 15.433, 
11.497, 41.513, 76.909, 78.126, 141.244, 86.706, 47.119, 43.948, 
14.781, 64.647, 21.889, 12.29, 12.063, 38.03, 104.008, 52.131, 
107.179, 106.132, 183.04, 81.439, 69.121, 50.234, 58.984, 66.346, 
33.556, 66.177, 114.513, 74.785, 51.169, 32.14, 50.206, 19.822, 
14.866, 11.836, 9.005, 12.233, 41.711, 18.434, 105.141, 134.477, 
90.642, 86.791, 36.217, 21.039, 18.293, 23.673, 13.677, 30.922, 
110.861, 178.821, 64.393, 239.532, 61.476, 220.05, 67.592, 29.846, 
26.816, 58.474, 21.096, 51.622, 60.457, 106.556, 83.11, 75.21, 
70.282, 104.489, 94.097, 44.599, 42.334, 114.372, 108.312, 28.09, 
22.852, 44.174, 67.083, 99.251, 210.224, 127.171, 133.486, 74.785, 
32.451, 17.047, 14.215, 95.938, 129.182, 68.442, 49.526, 84.073, 
73.652, 49.441, 19.397, 15.348, 8.976, 8.58, 8.184, 8.325, 9.769, 
12.997, 27.014, 28.458, 60.23, 123.178, 81.638, 38.313, 20.558, 
42.532, 15.404, 9.854, 9.316, 17.981, 72.718, 116.496, 146.37, 
97.014, 112.503, 24.098, 30.299, 10.392, 8.354, 73.001, 108.708, 
91.52, 107.972, 142.745, 144.076, 187.712, 92.03, 39.36, 27.864, 
24.636, 13.847, 10.109, 10.562, 15.857, 20.813, 11.667, 211.017, 
95.626, 27.411, 18.746, 17.953, 20.162, 29.818, 44.118, 79.316, 
136.601, 219.626, 110.096, 198.36, 238.4, 58.05, 30.526, 24.041, 
28.487, 80.618, 13.309, 50.744, 78.381, 234.86, 195.16, 286, 
154.27, 39.729, 21.294, 15.574, 13.564, 11.468, 47.148, 16.254, 
92.115, 287.133, 145.804, 62.75, 100.015, 63.515, 24.806, 18.378, 
69.773, 60.003, 180.831, 62.977, 54.482, 84.752, 53.66, 73.709, 
53.972, 62.184, 79.514, 83.223, 112.446, 17.387, 13.479, 17.217, 
29.365, 85.574, 225.289, 130.512, 56.209, 41.144, 20.615, 37.265, 
50.772, 14.527, 13.252, 13.62, 14.243, 20.983, 82.657, 50.376, 
147.899, 125.359, 154.497, 42.928, 175.196, 50.942, 16.367, 24.522, 
44.146, 57.851, 34.547, 58.304, 76.824, 22.455, 24.692, 86.621, 
12.403, 11.44, 8.58, 11.015, 30.979, 30.752, 52.584, 73.539, 
33.839, 203.485, 111.03, 25.004, 103.555, 37.435, 70.198, 54.68, 
124.169, 98.628, 137.478, 171.204, 127.398, 115.221, 60.881, 
64.732, 20.416, 11.667, 11.044, 14.583, 14.612, 36.642, 84.951, 
178.226, 76.314, 91.124, 22.71, 11.695, 9.599, 23.107, 31.234, 
16.962, 49.838, 89.623, 98.061, 123.943, 55.473, 49.13, 25.202, 
22.059, 17.698, 60.598, 14.555, 34.547, 62.382, 156.592, 117.826, 
108.199, 62.24, 112.871, 30.526, 22.314, 11.497, 9.345, 13.054, 
13.139, 17.245, 137.025, 35.821, 116.694, 73.142, 43.013, 30.667, 
26.901, 21.294, 18.208, 41.598, 113.154, 38.001, 31.262, 175.395, 
176.386, 174.998, 112.475, 50.262, 28.374, 52.046, 20.218, 48.365, 
129.663, 237.21, 185.475, 131.504, 98.344, 178.396, 123.065, 
67.819, 111.512, 56.747, 36.67, 28.062, 90.359, 92.596, 68.47, 
180.124, 87.867, 45.958, 128.7, 54.906, 26.476, 20.416, 117.685, 
22.059, 28.6, 166.446, 49.611, 172.591, 168.344, 228.432, 62.948, 
134.902, 32.876, 18.293, 14.045, 12.006, 18.208, 69.688, 174.63, 
123.801, 192.102, 117.317, 99.647, 26.476, 15.574, 32.734, 27.581, 
14.498, 31.064, 61.108, 105.679, 159.934, 197.255, 78.438, 64.846, 
28.232, 19.369, 12.601, 11.497, 10.053, 11.185, 24.211, 54.935, 
48.507, 157.244, 78.268, 59.89, 29.619, 36.076, 15.461, 10.449, 
68.98, 58.135, 115.703, 62.269, 148.125, 324.511, 80.675, 33.98, 
24.041, 14.895, 28.77, 12.714, 10.477, 12.148, 11.752, 10.506, 
103.526, 99.959, 102.224, 30.837, 27.128, 16.849, 12.601, 14.357, 
31.064, 35.424, 44.174, 91.152, 201.078, 105.792, 172.195, 52.669, 
48.478, 17.585, 10.222, 56.549, 35.226, 60.23, 103.951, 100.582, 
111.54, 155.771, 212.32, 151.354, 29.336, 31.602, 45.76, 15.15, 
11.44, 11.893, 21.464, 41.796, 36.274, 78.409, 151.042, 56.832, 
62.948, 15.008, 14.612, 14.045, 71.472, 61.079, 92.341, 71.755, 
147.446, 167.579, 180.095, 126.831, 49.13, 16.141, 14.81, 20.388, 
64.789, 40.04, 132.948, 128.842, 128.927, 91.548, 49.328, 43.58, 
53.83, 223.477, 57.427, 26.646, 26.618, 30.073, 63.005, 143.736, 
184.145, 370.101, 129.012, 58.814, 62.071, 55.982, 53.038, 39.219, 
27.467, 18.916, 17.698, 126.237, 142.122, 35.906, 100.978, 62.92, 
41.994, 31.573, 27.92, 22.823, 42.787, 67.677, 162.935, 164.493, 
168.712, 189.383, 96.164, 80.08, 55.982, 69.065, 50.121, 29.591, 
41.739, 33.442, 112.984, 128.332, 184.456, 178.566, 280.167, 
115.703, 58.956, 102.932, 195.103, 89.17, 39.162, 48.507, 197.708, 
130.088, 287.982, 82.43, 116.212, 62.807, 40.21, 51.707, 52.131, 
27.949, 29.761, 82.062, 81.213, 220.05, 159.594, 257.938, 142.094, 
118.761, 81.043, 43.806, 28.543, 21.691, 20.813, 17.075, 89.198, 
90.331, 138.724, 129.295, 130.541, 187.146, 102.79, 90.274, 61.816, 
31.262, 19.765, 24.636, 81.581, 152.854, 106.924, 141.329, 173.243, 
107.491, 72.548, 85.998, 29.053, 23.248, 17.188, 15.631, 58.814, 
178.085, 70.226, 78.523, 58.729, 35.566, 17.953, 15.914, 8.269, 
7.277, 35.736, 56.86, 69.348, 122.244, 87.386, 100.412, 86.791, 
39.191, 34.717, 39.445, 75.068, 24.183, 20.53, 49.555, 164.351, 
68.3, 122.697, 141.981, 161.548, 57.766, 63.09, 73.171, 42.73, 
22.71, 20.162, 36.047, 122.697, 83.308, 75.493, 117.968, 170.128, 
99.081, 112.588, 111.512, 63.911, 113.919, 40.946, 41.173, 35.538, 
95.909, 116.835, 278.638, 125.529, 238.456, 84.809, 51.31, 55.529, 
57.71, 35.311, 260.713, 95.768, 89.566, 103.073, 140.253, 84.384, 
62.184, 33.754, 23.843, 17.16, 23.645, 20.048, 56.096, 47.233, 
66.205, 65.554, 71.132, 147.899, 64.789, 25.4, 26.901, 26.108, 
17.528, 11.214, 13.196, 159.452, 152.26, 230.414, 97.155, 109.02, 
111.682, 60.23, 89.34, 38.454, 29.931, 63.118, 128.587, 369.818, 
173.837, 179.019, 115.844, 100.015, 103.357, 38.568, 36.614, 
34.15, 31.347, 15.574, 17.132, 20.133, 63.685, 58.474, 203.91, 
53.859, 38.058, 48.082, 39.814, 52.868, 20.416, 68.074, 27.807, 
35.821, 103.98, 90.189, 150.023, 160.981, 78.296, 33.017, 25.627, 
24.692, 11.072, 10.534, 51.508, 34.009, 279.063, 225.912, 139.149, 
291.947, 52.641, 28.005, 29.704, 32.31, 20.7, 22.455, 18.576, 
78.862, 297.327, 142.575, 81.043, 134.42, 128.757, 46.893, 31.12, 
44.826, 23.418, 28.628, 20.671, 32.508, 55.954, 46.978, 130.881, 
260.713, 56.492, 90.387, 133.882, 58.503, 27.382, 16.764, 36.416, 
28.657, 77.843, 245.026, 187.344, 95.201, 68.385, 48.62, 35.538, 
38.568, 19.454, 14.074, 12.743, 18.633, 30.894, 92.058, 103.526, 
70.877, 36.246, 36.585, 47.686, 32.338, 16.509, 11.978, 17.84, 
40.606, 49.894, 29.081, 57.37, 42.107, 20.02, 21.747, 89.736, 
28.034, 12.997, 13.762, 21.096, 44.854, 54.538, 143.708, 161.661, 
53.689, 44.967, 44.486, 40.068, 85.092, 35.849, 28.034, 25.23, 
162.595, 176.329, 129.861, 196.179, 101.997, 54.453, 34.405, 
57.427, 36.472, 29.818, 18.463, 21.776, 35.198, 70.934, 237.154, 
278.468, 171.374, 79.174, 36.897, 26.986, 24.013, 15.206, 17.217, 
16.594, 34.32, 71.415, 193.517, 106.075, 94.72, 90.529, 36.5, 
32.564, 38.313, 24.721, 23.022, 37.973, 104.008, 267.283, 304.123, 
162.964, 128.077, 173.384, 83.846, 58.814, 26.646, 23.673, 23.73, 
50.517, 51.084, 350.846, 86.536, 108.284, 104.291, 55.898, 41.371, 
26.929, 19.51, 15.036, 16.424, 31.743, 39.389, 45.817, 251.284, 
135.326, 109.36, 39.332, 25.712, 31.29, 41.739, 18.293, 14.696, 
159.905, 183.38, 215.236, 202.805, 93.814, 119.752, 84.781, 48.054, 
71.359, 42.957, 46.213, 54.51, 85.007, 75.804, 145.605, 150.193, 
207.563, 76.54, 52.754, 82.657, 87.669, 43.353, 102.62, 33.074, 
